4 22 14 2 
2 21 13 6 
3 19 11 9 
17 9 3 5 
1 15 4 14 
4 14 10 7 
15 4 14 2 
1 14 8 12 
14 2 12 7 
1 4 14 10 
1 14 2 12 
16 8 3 5 
1 15 14 2 
7 8 12 5 
1 15 4 11 
1 15 2 13 
9 1 10 11 
1 12 5 13 
17 9 5 13 
20 12 7 5 
23 15 4 2 
4 10 19 11 
22 2 20 0 
1 14 10 8 
9 10 3 11 
1 4 10 11 
1 8 12 5 
15 4 19 11 
22 7 20 0 
18 7 16 8 
7 16 8 5 
9 1 15 11 
15 2 13 6 
18 16 8 3 
13 6 17 9 
22 14 2 7 
19 11 6 9 
18 16 0 17 
19 6 17 9 
4 22 2 23 
15 19 11 6 
22 2 7 20 
4 22 7 18 
4 18 10 19 
4 22 14 7 
22 2 23 0 
2 20 12 13 
22 7 18 0 
23 15 2 6 
2 23 0 21 
23 15 4 19 
14 10 7 8 
4 18 10 7 
18 10 8 3 
9 1 10 8 
1 2 12 13 
9 1 5 13 
9 1 15 13 
16 3 5 17 
7 18 16 0 
9 15 11 6 
14 7 8 12 
2 20 12 7 
4 22 23 19 
23 2 6 21 
6 21 19 17 
23 0 21 19 
23 15 6 19 
4 22 19 18 
2 20 0 21 
7 20 16 0 
18 10 7 8 
10 3 19 11 
15 13 6 9 
9 10 8 3 
9 1 8 5 
22 23 0 19 
23 6 21 19 
20 12 5 13 
18 10 3 19 
9 8 3 5 
5 21 13 17 
2 20 21 13 
0 21 19 17 
20 16 0 21 
18 3 19 17 
21 13 6 17 
5 21 17 16 
20 21 5 13 
22 0 19 18 
20 7 5 16 
3 19 17 9 
16 0 21 17 
18 16 3 17 
0 19 18 17 
20 21 5 16 
