1 1 1 0 
1 -1 -1 0 
-1 1 -1 0 
-1 -1 1 0 
0 0 0 2.23607 
0.600561 -0.405941 -0.716227 0.0106962 
0.62857 -0.400337 -0.51295 0.0302744 
0.170528 0.189007 0.0994472 1.63859 
0.137647 -0.210184 -0.0612187 0.86602 
-0.53044 0.105762 -0.293683 0.118853 
0.295492 -0.0133463 -0.0981526 0.846353 
-0.106433 0.51158 -0.387301 0.241634 
0.288636 0.087611 -0.242781 0.313371 
-0.584515 0.080276 -0.397507 0.0412573 
0.189792 -0.100888 -0.475577 0.0940359 
0.205686 0.594728 0.422432 0.374666 
-0.406648 0.31156 -0.362443 0.939573 
-0.151666 0.563818 0.0157166 0.253106 
-0.022782 -0.311344 0.15705 0.629738 
-0.0222045 -0.173419 0.24812 0.380472 
4.48721e-05 -0.492114 -0.0401557 0.897825 
0.000943255 -0.354934 -0.0578232 0.711589 
-0.83306 0.813888 -0.733658 0.171068 
-0.39709 -0.37902 0.402198 0.269779 
0.332678 0.475582 0.0782529 0.542747 
0.396211 0.645718 0.333056 0.414737 
0.289529 -0.532649 -0.247456 0.387204 
-0.496388 0.309447 -0.419119 0.174563 
0.391899 0.269004 0.399776 0.1614 
-0.11983 -0.0332497 0.0542855 0.29249 
-0.0751017 -0.0619689 -0.151302 0.0067109 
-0.355056 -0.390673 0.569479 0.480998 
0.295235 0.869044 0.358034 0.0186136 
-0.487118 -0.313876 0.226921 0.698168 
0.0894322 0.519798 0.294623 0.432143 
0.0508088 -0.265611 0.0606884 0.113203 
-0.245209 0.170179 -0.567962 0.235595 
0.357305 -0.0955105 -0.00964596 1.02865 
0.321889 0.803313 0.459504 0.054699 
0.325616 -0.64703 -0.338342 0.207307 
-0.323805 0.319221 -0.412054 0.604718 
0.560351 -0.444124 -0.324832 0.542305 
-0.153781 -0.255577 0.311146 0.17422 
0.371071 -0.418072 -0.411703 0.712467 
-0.15133 0.139224 -0.141288 0.998061 
0.363121 -0.0551445 -0.0734788 0.739724 
-0.759626 -0.0213578 0.0500903 0.250044 
-0.348333 -0.282802 0.0928989 0.649941 
-0.202238 -0.344393 -0.169813 0.579206 
0.304902 0.290019 0.209981 0.935097 
0.446347 -0.348379 -0.305125 0.920493 
-0.233387 -0.572075 0.234558 0.230534 
0.15099 0.0899809 0.0601034 1.19873 
-0.44986 0.33587 -0.502742 0.180749 
-0.0967225 0.293555 -0.544574 0.32589 
-0.786117 -0.121679 0.232887 0.0192359 
-0.326601 -0.42821 0.324764 0.830099 
0.360357 0.242597 0.0556937 0.694998 
-0.0906103 0.424961 -0.173145 0.951611 
0.0986171 -0.454541 -0.339153 0.355439 
0.675606 0.487949 0.478144 0.385839 
-0.286262 0.0381684 0.325308 0.197933 
0.181217 0.0640282 0.320876 0.723185 
-0.436985 -0.493342 0.462102 0.934756 
0.00756157 -0.0461392 -0.0208113 1.75556 
-0.277956 -0.598377 0.240557 0.467103 
0.302699 -0.250698 -0.537524 0.700473 
-0.463122 0.429882 -0.484308 0.281779 
0.0898118 0.272398 0.372447 0.228101 
-0.0488541 0.345207 -0.275081 0.366729 
0.576227 0.531887 0.560592 0.540215 
0.292604 -0.364884 0.0424059 0.300938 
-0.186546 -0.0805134 0.333863 0.265348 
0.0931076 -0.325246 0.12384 0.945832 
-0.199841 -0.117297 0.663743 0.342485 
0.24011 0.201424 0.39078 0.940185 
-0.279938 -0.0435507 -0.0915753 1.29615 
-0.22722 -0.377616 0.551109 0.0508028 
0.181809 -0.241086 -0.0812399 0.730235 
0.664443 0.210536 0.23478 0.228297 
0.180966 -0.083405 -0.118731 1.63172 
0.065247 -0.236982 0.107774 1.20545 
-0.00986616 0.440894 0.412814 0.274747 
0.10462 -0.0362784 -0.563783 0.376728 
-0.367161 -0.543907 0.399234 0.859589 
0.25051 0.407723 0.0861244 0.754426 
-0.704301 0.370667 -0.603661 0.0795406 
-0.886134 0.0632066 -0.0993524 0.0209778 
0.164941 0.0530378 0.373276 0.940444 
0.453829 -0.052727 -0.252305 0.73152 
-0.205782 0.283471 -0.250555 0.323673 
0.451376 -0.329278 0.113112 0.172915 
-0.364334 -0.291127 -0.0955851 0.0642477 
0.169283 -0.137437 -0.429784 1.0991 
0.160384 0.29714 0.0619289 0.987466 
-0.136039 -0.741528 0.085334 0.255606 
0.23065 0.0365639 -0.246778 0.521417 
-0.126687 -0.287202 -0.12689 0.0839427 
-0.0222004 0.0363242 -0.55938 0.343848 
-0.0853826 -0.0660061 0.236201 0.584644 
-0.227618 -0.617242 0.219604 0.728481 
-0.897128 -0.505927 0.513751 0.211277 
0.0817566 0.211413 -0.584539 0.269084 
-0.323735 -0.425529 0.664667 0.00140448 
-0.204322 -0.30685 -0.332664 0.171143 
